0 0.163992 0.126126 0.033970 0.072072
0 0.152176 0.270270 0.033970 0.090090
0 0.151438 0.425676 0.044309 0.081081
0 0.149223 0.582207 0.033970 0.065315
0 0.144053 0.719595 0.032493 0.065315
0 0.140361 0.868243 0.036924 0.078829
1 0.218640 0.125000 0.033970 0.069820
1 0.207562 0.279279 0.038401 0.067568
1 0.205347 0.429054 0.031016 0.087838
1 0.200916 0.579955 0.036924 0.078829
1 0.196485 0.728604 0.045786 0.096847
1 0.189839 0.881757 0.044309 0.105856
2 0.282149 0.118243 0.048740 0.087838
2 0.276241 0.281532 0.057601 0.081081
2 0.269595 0.431306 0.044309 0.074324
2 0.262210 0.579955 0.056124 0.092342
2 0.257040 0.731982 0.039878 0.090090
2 0.254087 0.882883 0.051694 0.094595
3 0.344181 0.115991 0.045786 0.101351
3 0.344919 0.279279 0.041355 0.085586
3 0.340489 0.436937 0.044309 0.099099
3 0.328673 0.582207 0.041355 0.087838
3 0.313903 0.743243 0.041355 0.063063
3 0.313903 0.886261 0.038401 0.083333
4 0.406213 0.104730 0.039878 0.101351
4 0.392921 0.277027 0.033970 0.130631
4 0.405475 0.431306 0.047263 0.110360
4 0.388490 0.584459 0.042832 0.101351
4 0.374459 0.755631 0.044309 0.092342
4 0.375197 0.893018 0.045786 0.101351
5 0.474153 0.099099 0.045786 0.076577
5 0.459384 0.269144 0.045786 0.096847
5 0.480061 0.427928 0.051694 0.103604
5 0.464553 0.587838 0.059078 0.094595
5 0.455691 0.753378 0.053170 0.060811
5 0.446091 0.893018 0.031016 0.087838
6 0.554647 0.090090 0.029539 0.090090
6 0.529539 0.275901 0.044309 0.069820
6 0.545047 0.426802 0.042832 0.087838
6 0.534709 0.599099 0.039878 0.085586
6 0.526585 0.754505 0.044309 0.081081
6 0.492615 0.908784 0.038401 0.105856
7 0.626280 0.099099 0.036924 0.081081
7 0.584925 0.269144 0.039878 0.119369
7 0.590094 0.449324 0.035447 0.128378
7 0.590094 0.612613 0.035447 0.099099
7 0.596002 0.763514 0.035447 0.076577
7 0.577540 0.903153 0.045786 0.081081
8 0.690528 0.100225 0.041355 0.069820
8 0.677973 0.279279 0.051694 0.094595
8 0.659511 0.445946 0.053170 0.076577
8 0.681666 0.608108 0.041355 0.085586
8 0.683881 0.757883 0.042832 0.105856
8 0.662465 0.905405 0.035447 0.076577
9 0.791699 0.111486 0.060555 0.110360
9 0.784314 0.309685 0.072371 0.141892
9 0.764375 0.457207 0.056124 0.099099
9 0.758468 0.606982 0.047263 0.092342
9 0.785791 0.779279 0.051694 0.117117
9 0.758468 0.930180 0.044309 0.099099