0 0.120161 0.047297 0.041741 0.049550
0 0.082799 0.111746 0.025687 0.043313
0 0.077448 0.186244 0.027827 0.032918
0 0.074237 0.251213 0.059935 0.027720
0 0.066745 0.305787 0.053514 0.039848
0 0.071026 0.369023 0.040670 0.045045
0 0.061393 0.446119 0.055654 0.029453
0 0.059253 0.527547 0.038530 0.029453
0 0.057112 0.602044 0.034249 0.053708
0 0.049620 0.673077 0.036389 0.043313
0 0.043199 0.756237 0.032108 0.036383
0 0.046410 0.848060 0.029968 0.043313
0 0.030356 0.934685 0.032108 0.046778
1 0.236918 0.055440 0.055654 0.051975
1 0.191967 0.116944 0.059935 0.046778
1 0.161999 0.188843 0.038530 0.034650
1 0.171631 0.256410 0.049232 0.041580
1 0.169491 0.316182 0.053514 0.036383
1 0.166280 0.375953 0.042811 0.041580
1 0.163069 0.446985 0.053514 0.038115
1 0.150226 0.522349 0.053514 0.039848
1 0.138453 0.598579 0.059935 0.043313
1 0.157718 0.690402 0.077060 0.036383
1 0.152367 0.764033 0.053514 0.038115
1 0.158788 0.856722 0.053514 0.057173
1 0.168421 0.934685 0.089903 0.039848
2 0.334313 0.051109 0.062076 0.046778
2 0.288291 0.120409 0.047092 0.029453
2 0.275448 0.194040 0.047092 0.038115
2 0.280799 0.265073 0.070638 0.045045
2 0.282940 0.327443 0.070638 0.038115
2 0.281869 0.383749 0.081341 0.039848
2 0.275448 0.452183 0.051373 0.038115
2 0.284010 0.528413 0.042811 0.038115
2 0.292572 0.613306 0.038530 0.045045
2 0.302204 0.693867 0.070638 0.039848
2 0.284010 0.772696 0.064216 0.038115
2 0.291502 0.852391 0.036389 0.041580
2 0.292572 0.940748 0.047092 0.045045
3 0.410302 0.056306 0.042811 0.053708
3 0.383545 0.123008 0.057795 0.045045
3 0.382475 0.190575 0.059935 0.041580
3 0.380334 0.264207 0.034249 0.043313
3 0.371772 0.318780 0.055654 0.034650
3 0.383545 0.393278 0.062076 0.051975
3 0.366421 0.459113 0.053514 0.041580
3 0.380334 0.538808 0.055654 0.038115
3 0.373913 0.614172 0.059935 0.050243
3 0.395318 0.693867 0.051373 0.043313
3 0.407091 0.779626 0.044951 0.038115
3 0.403880 0.858455 0.072778 0.039848
3 0.410302 0.950277 0.051373 0.039848
4 0.522680 0.054574 0.057795 0.050243
4 0.487361 0.125606 0.047092 0.039848
4 0.479870 0.191441 0.044951 0.039848
4 0.479870 0.270270 0.053514 0.051975
4 0.464886 0.325710 0.066357 0.034650
4 0.467026 0.383749 0.027827 0.043313
4 0.465956 0.471240 0.051373 0.041580
4 0.484151 0.535343 0.044951 0.041580
4 0.486291 0.618503 0.053514 0.041580
4 0.519470 0.701663 0.068497 0.041580
4 0.509837 0.783957 0.053514 0.039848
4 0.510907 0.853257 0.047092 0.046778
4 0.498064 0.947678 0.064216 0.041580
5 0.611513 0.063236 0.038530 0.039848
5 0.592248 0.129938 0.055654 0.034650
5 0.581545 0.198371 0.068497 0.039848
5 0.561210 0.275468 0.036389 0.038115
5 0.557999 0.331774 0.051373 0.032918
5 0.559070 0.405405 0.036389 0.038115
5 0.559070 0.471240 0.044951 0.045045
5 0.570843 0.534477 0.042811 0.043313
5 0.580475 0.625433 0.040670 0.055440
5 0.623286 0.708593 0.057795 0.048510
5 0.600810 0.789155 0.059935 0.053708
5 0.595459 0.857588 0.057795 0.027720
5 0.593318 0.953742 0.044951 0.046778
6 0.681081 0.061504 0.049232 0.039848
6 0.673589 0.132536 0.051373 0.043313
6 0.665026 0.207034 0.055654 0.039848
6 0.656464 0.276334 0.047092 0.039848
6 0.627567 0.328309 0.036389 0.039848
6 0.637199 0.399342 0.042811 0.029453
6 0.631848 0.477304 0.032108 0.032918
6 0.648972 0.542273 0.057795 0.038115
6 0.660745 0.621102 0.042811 0.046778
6 0.711048 0.704262 0.044951 0.036383
6 0.696064 0.798683 0.044951 0.058905
6 0.685362 0.862786 0.049232 0.038115
6 0.666097 0.955475 0.036389 0.032918
7 0.765632 0.071899 0.038530 0.036383
7 0.743156 0.125606 0.036389 0.039848
7 0.763491 0.207900 0.055654 0.041580
7 0.758140 0.278933 0.049232 0.034650
7 0.741016 0.335239 0.040670 0.046778
7 0.709978 0.406272 0.042811 0.039848
7 0.726032 0.473839 0.057795 0.043313
7 0.763491 0.547471 0.042811 0.055440
7 0.770983 0.622834 0.040670 0.043313
7 0.792389 0.705128 0.036389 0.041580
7 0.792389 0.796085 0.044951 0.050243
7 0.772054 0.864518 0.038530 0.045045
7 0.765632 0.970201 0.055654 0.041580
8 0.826637 0.074498 0.040670 0.048510
8 0.808443 0.129071 0.055654 0.039848
8 0.846973 0.207034 0.047092 0.039848
8 0.840551 0.284130 0.042811 0.038115
8 0.834129 0.346500 0.051373 0.034650
8 0.812724 0.414068 0.059935 0.048510
8 0.814864 0.479903 0.068497 0.031185
8 0.834129 0.546604 0.038530 0.057173
8 0.842692 0.626299 0.047092 0.057173
8 0.859816 0.707727 0.042811 0.032918
8 0.865167 0.795218 0.044951 0.058905
8 0.860886 0.876646 0.032108 0.038115
8 0.846973 0.967602 0.034249 0.039848
9 0.917611 0.076230 0.042811 0.038115
9 0.871589 0.132536 0.027827 0.029453
9 0.921892 0.210499 0.055654 0.032918
9 0.916540 0.293659 0.044951 0.036383
9 0.902627 0.350832 0.042811 0.032918
9 0.911189 0.416667 0.034249 0.043313
9 0.900486 0.483368 0.051373 0.045045
9 0.920821 0.547471 0.062076 0.045045
9 0.935805 0.635828 0.066357 0.055440
9 0.925102 0.717256 0.040670 0.048510
9 0.944367 0.812543 0.049232 0.051975
9 0.934735 0.880977 0.059935 0.046778
9 0.904767 0.976265 0.068497 0.046778